#  Non-editable header begin --------------------------------------------------------------------------------
# 
#  data format...............: continuous
#  setname...................: 12_N400_preprocessed_elist_bins
#  filename..................: 12_N400_preprocessed_elist.set
#  filepath..................: D:\Cognitive sience\Summer404\EEGLAB\Assignment5
#  nchan.....................: 30
#  pnts......................: 78000
#  srate.....................: 200
#  nevents...................: 363
#  generated by (bdf)........: D:\Cognitive sience\Summer404\EEGLAB\Assignment5\BDF_N400_S.txt
#  generated by (set)........: 12_N400_preprocessed_elist_bins
#  reported in ..............: 
#  prog Version..............: 11.03
#  creation date.............: 19-Oct-2025 12:27:32
#  user Account..............: Documents
# 
#  Non-editable header end --------------------------------------------------------------------------------

	bin 1,	# 60,	Prime word, related to subsequent target word                                                       
	bin 2,	# 60,	Prime word, unrelated to subsequent target word                                                     
	bin 3,	# 58,	Target word, related to previous prime, followed by correct response                                
	bin 4,	# 55,	Target word, unrelated to previous prime, followed by correct response                              



# item	 bepoch	  ecode	            label	      onset	          diff	     dura	b_flags	   a_flags	  enable	    bin
#                                                 (sec)           (msec)     (msec)    (binary)   (binary)


1     	0     	    202	              ""	      6.1230	      0.00	    0.0	    00000000     00000000	   1	[       ]
2     	0     	    202	              ""	      7.7227	   1599.70	    0.0	    00000000     00000000	   1	[       ]
3     	0     	    111	              ""	     11.8555	   4132.80	    0.0	    00000000     00000000	   1	[      1]
4     	0     	    211	              ""	     13.0879	   1232.40	    0.0	    00000000     00000000	   1	[      3]
5     	0     	    201	              ""	     13.8350	    747.10	    0.0	    00000000     00000000	   1	[       ]
6     	0     	    111	              ""	     14.7881	    953.10	    0.0	    00000000     00000000	   1	[      1]
7     	0     	    211	              ""	     15.9375	   1149.40	    0.0	    00000000     00000000	   1	[       ]
8     	0     	    202	              ""	     16.3623	    424.80	    0.0	    00000000     00000000	   1	[       ]
9     	0     	    121	              ""	     17.5537	   1191.40	    0.0	    00000000     00000000	   1	[      2]
10    	0     	    221	              ""	     18.7197	   1166.00	    0.0	    00000000     00000000	   1	[      4]
11    	0     	    201	              ""	     19.1465	    426.80	    0.0	    00000000     00000000	   1	[       ]
12    	0     	    121	              ""	     20.5020	   1355.50	    0.0	    00000000     00000000	   1	[      2]
13    	0     	    221	              ""	     21.7852	   1283.20	    0.0	    00000000     00000000	   1	[      4]
14    	0     	    201	              ""	     22.8428	   1057.60	    0.0	    00000000     00000000	   1	[       ]
15    	0     	    111	              ""	     23.5674	    724.60	    0.0	    00000000     00000000	   1	[      1]
16    	0     	    211	              ""	     24.7178	   1150.40	    0.0	    00000000     00000000	   1	[      3]
17    	0     	    201	              ""	     25.0420	    324.20	    0.0	    00000000     00000000	   1	[       ]
18    	0     	    111	              ""	     26.3672	   1325.20	    0.0	    00000000     00000000	   1	[      1]
19    	0     	    211	              ""	     27.5996	   1232.40	    0.0	    00000000     00000000	   1	[      3]
20    	0     	    201	              ""	     28.3779	    778.30	    0.0	    00000000     00000000	   1	[       ]
21    	0     	    111	              ""	     29.3154	    937.50	    0.0	    00000000     00000000	   1	[      1]
22    	0     	    211	              ""	     30.4492	   1133.80	    0.0	    00000000     00000000	   1	[      3]
23    	0     	    201	              ""	     31.1943	    745.10	    0.0	    00000000     00000000	   1	[       ]
24    	0     	    111	              ""	     32.1318	    937.50	    0.0	    00000000     00000000	   1	[      1]
25    	0     	    211	              ""	     33.3145	   1182.70	    0.0	    00000000     00000000	   1	[      3]
26    	0     	    201	              ""	     33.8262	    511.70	    0.0	    00000000     00000000	   1	[       ]
27    	0     	    121	              ""	     34.9639	   1137.70	    0.0	    00000000     00000000	   1	[      2]
28    	0     	    221	              ""	     36.1963	   1232.40	    0.0	    00000000     00000000	   1	[      4]
29    	0     	    201	              ""	     36.8506	    654.30	    0.0	    00000000     00000000	   1	[       ]
30    	0     	    121	              ""	     37.9131	   1062.50	    0.0	    00000000     00000000	   1	[      2]
31    	0     	    221	              ""	     39.0293	   1116.20	    0.0	    00000000     00000000	   1	[      4]
32    	0     	    201	              ""	     39.7383	    709.00	    0.0	    00000000     00000000	   1	[       ]
33    	0     	    121	              ""	     40.6953	    957.00	    0.0	    00000000     00000000	   1	[      2]
34    	0     	    221	              ""	     41.9609	   1265.60	    0.0	    00000000     00000000	   1	[       ]
35    	0     	    202	              ""	     43.3936	   1432.70	    0.0	    00000000     00000000	   1	[       ]
36    	0     	    121	              ""	     43.7607	    367.10	    0.0	    00000000     00000000	   1	[      2]
37    	0     	    221	              ""	     44.9600	   1199.30	    0.0	    00000000     00000000	   1	[      4]
38    	0     	    201	              ""	     45.8418	    881.80	    0.0	    00000000     00000000	   1	[       ]
39    	0     	    111	              ""	     46.6260	    784.20	    0.0	    00000000     00000000	   1	[      1]
40    	0     	    211	              ""	     47.9092	   1283.20	    0.0	    00000000     00000000	   1	[      3]
41    	0     	    201	              ""	     48.4258	    516.60	    0.0	    00000000     00000000	   1	[       ]
42    	0     	    121	              ""	     49.5420	   1116.20	    0.0	    00000000     00000000	   1	[      2]
43    	0     	    221	              ""	     50.7246	   1182.60	    0.0	    00000000     00000000	   1	[      4]
44    	0     	    201	              ""	     51.2822	    557.60	    0.0	    00000000     00000000	   1	[       ]
45    	0     	    111	              ""	     52.3574	   1075.20	    0.0	    00000000     00000000	   1	[      1]
46    	0     	    211	              ""	     53.5742	   1216.80	    0.0	    00000000     00000000	   1	[      3]
47    	0     	    201	              ""	     54.0176	    443.40	    0.0	    00000000     00000000	   1	[       ]
48    	0     	    121	              ""	     55.2734	   1255.80	    0.0	    00000000     00000000	   1	[      2]
49    	0     	    221	              ""	     56.4229	   1149.50	    0.0	    00000000     00000000	   1	[      4]
50    	0     	    201	              ""	     57.4180	    995.10	    0.0	    00000000     00000000	   1	[       ]
51    	0     	    111	              ""	     58.1055	    687.50	    0.0	    00000000     00000000	   1	[      1]
52    	0     	    211	              ""	     59.3555	   1250.00	    0.0	    00000000     00000000	   1	[      3]
53    	0     	    201	              ""	     59.9697	    614.20	    0.0	    00000000     00000000	   1	[       ]
54    	0     	    121	              ""	     61.0049	   1035.20	    0.0	    00000000     00000000	   1	[      2]
55    	0     	    221	              ""	     62.1875	   1182.60	    0.0	    00000000     00000000	   1	[      4]
56    	0     	    201	              ""	     62.8896	    702.10	    0.0	    00000000     00000000	   1	[       ]
57    	0     	    111	              ""	     63.8535	    963.90	    0.0	    00000000     00000000	   1	[      1]
58    	0     	    211	              ""	     65.1367	   1283.20	    0.0	    00000000     00000000	   1	[      3]
59    	0     	    201	              ""	     65.3936	    256.90	    0.0	    00000000     00000000	   1	[       ]
60    	0     	    111	              ""	     66.8691	   1475.50	    0.0	    00000000     00000000	   1	[      1]
61    	0     	    211	              ""	     68.0850	   1215.90	    0.0	    00000000     00000000	   1	[      3]
62    	0     	    201	              ""	     68.3936	    308.60	    0.0	    00000000     00000000	   1	[       ]
63    	0     	    111	              ""	     75.5488	   7155.20	    0.0	    00000000     00000000	   1	[      1]
64    	0     	    211	              ""	     76.7656	   1216.80	    0.0	    00000000     00000000	   1	[      3]
65    	0     	    201	              ""	     77.0488	    283.20	    0.0	    00000000     00000000	   1	[       ]
66    	0     	    111	              ""	     78.5479	   1499.10	    0.0	    00000000     00000000	   1	[      1]
67    	0     	    211	              ""	     79.8477	   1299.80	    0.0	    00000000     00000000	   1	[      3]
68    	0     	    201	              ""	     80.2490	    401.30	    0.0	    00000000     00000000	   1	[       ]
69    	0     	    121	              ""	     81.5635	   1314.50	    0.0	    00000000     00000000	   1	[      2]
70    	0     	    221	              ""	     82.7803	   1216.80	    0.0	    00000000     00000000	   1	[      4]
71    	0     	    201	              ""	     83.5693	    789.00	    0.0	    00000000     00000000	   1	[       ]
72    	0     	    121	              ""	     84.4795	    910.20	    0.0	    00000000     00000000	   1	[      2]
73    	0     	    221	              ""	     85.6455	   1166.00	    0.0	    00000000     00000000	   1	[      4]
74    	0     	    201	              ""	     86.5293	    883.80	    0.0	    00000000     00000000	   1	[       ]
75    	0     	    111	              ""	     87.3115	    782.20	    0.0	    00000000     00000000	   1	[      1]
76    	0     	    211	              ""	     88.4443	   1132.80	    0.0	    00000000     00000000	   1	[      3]
77    	0     	    201	              ""	     88.6895	    245.20	    0.0	    00000000     00000000	   1	[       ]
78    	0     	    121	              ""	     90.2275	   1538.00	    0.0	    00000000     00000000	   1	[      2]
79    	0     	    221	              ""	     91.5273	   1299.80	    0.0	    00000000     00000000	   1	[      4]
80    	0     	    201	              ""	     92.2012	    673.90	    0.0	    00000000     00000000	   1	[       ]
81    	0     	    111	              ""	     93.2598	   1058.60	    0.0	    00000000     00000000	   1	[      1]
82    	0     	    211	              ""	     94.5088	   1248.99	    0.0	    00000000     00000000	   1	[      3]
83    	0     	    201	              ""	     94.7529	    244.10	    0.0	    00000000     00000000	   1	[       ]
84    	0     	    111	              ""	     96.2256	   1472.70	    0.0	    00000000     00000000	   1	[      1]
85    	0     	    211	              ""	     97.5078	   1282.20	    0.0	    00000000     00000000	   1	[      3]
86    	0     	    201	              ""	     98.5850	   1077.20	    0.0	    00000000     00000000	   1	[       ]
87    	0     	    111	              ""	     99.1738	    588.80	    0.0	    00000000     00000000	   1	[      1]
88    	0     	    211	              ""	    100.3906	   1216.80	    0.0	    00000000     00000000	   1	[      3]
89    	0     	    201	              ""	    100.7451	    354.50	    0.0	    00000000     00000000	   1	[       ]
90    	0     	    121	              ""	    102.1729	   1427.80	    0.0	    00000000     00000000	   1	[      2]
91    	0     	    221	              ""	    103.3398	   1166.90	    0.0	    00000000     00000000	   1	[      4]
92    	0     	    201	              ""	    104.1689	    829.10	    0.0	    00000000     00000000	   1	[       ]
93    	0     	    111	              ""	    104.9385	    769.60	    0.0	    00000000     00000000	   1	[      1]
94    	0     	    211	              ""	    106.0547	   1116.20	    0.0	    00000000     00000000	   1	[      3]
95    	0     	    201	              ""	    106.2568	    202.10	    0.0	    00000000     00000000	   1	[       ]
96    	0     	    121	              ""	    107.8379	   1581.10	    0.0	    00000000     00000000	   1	[      2]
97    	0     	    221	              ""	    109.1211	   1283.20	    0.0	    00000000     00000000	   1	[      4]
98    	0     	    201	              ""	    109.9121	    791.00	    0.0	    00000000     00000000	   1	[       ]
99    	0     	    111	              ""	    110.8369	    924.80	    0.0	    00000000     00000000	   1	[      1]
100   	0     	    211	              ""	    112.0195	   1182.60	    0.0	    00000000     00000000	   1	[      3]
101   	0     	    201	              ""	    112.6328	    613.30	    0.0	    00000000     00000000	   1	[       ]
102   	0     	    111	              ""	    113.7686	   1135.80	    0.0	    00000000     00000000	   1	[      1]
103   	0     	    211	              ""	    114.9189	   1150.30	    0.0	    00000000     00000000	   1	[      3]
104   	0     	    201	              ""	    115.6084	    689.50	    0.0	    00000000     00000000	   1	[       ]
105   	0     	    121	              ""	    116.6514	   1043.00	    0.0	    00000000     00000000	   1	[      2]
106   	0     	    221	              ""	    117.8008	   1149.40	    0.0	    00000000     00000000	   1	[      4]
107   	0     	    201	              ""	    118.4160	    615.20	    0.0	    00000000     00000000	   1	[       ]
108   	0     	    121	              ""	    119.4336	   1017.60	    0.0	    00000000     00000000	   1	[      2]
109   	0     	    221	              ""	    120.7334	   1299.80	    0.0	    00000000     00000000	   1	[       ]
110   	0     	    202	              ""	    121.5205	    787.10	    0.0	    00000000     00000000	   1	[       ]
111   	0     	    121	              ""	    122.4492	    928.70	    0.0	    00000000     00000000	   1	[      2]
112   	0     	    221	              ""	    123.6484	   1199.20	    0.0	    00000000     00000000	   1	[      4]
113   	0     	    201	              ""	    124.5127	    864.30	    0.0	    00000000     00000000	   1	[       ]
114   	0     	    111	              ""	    125.2812	    768.49	    0.0	    00000000     00000000	   1	[      1]
115   	0     	    211	              ""	    126.4141	   1132.90	    0.0	    00000000     00000000	   1	[      3]
116   	0     	    201	              ""	    126.9678	    553.70	    0.0	    00000000     00000000	   1	[       ]
117   	0     	    111	              ""	    128.1641	   1196.30	    0.0	    00000000     00000000	   1	[      1]
118   	0     	    211	              ""	    129.4131	   1249.01	    0.0	    00000000     00000000	   1	[      3]
119   	0     	    201	              ""	    129.7998	    386.70	    0.0	    00000000     00000000	   1	[       ]
120   	0     	    121	              ""	    131.2129	   1413.10	    0.0	    00000000     00000000	   1	[      2]
121   	0     	    221	              ""	    132.5127	   1299.79	    0.0	    00000000     00000000	   1	[      4]
122   	0     	    201	              ""	    133.2402	    727.51	    0.0	    00000000     00000000	   1	[       ]
123   	0     	    111	              ""	    139.3594	   6119.20	    0.0	    00000000     00000000	   1	[      1]
124   	0     	    211	              ""	    140.4766	   1117.19	    0.0	    00000000     00000000	   1	[      3]
125   	0     	    201	              ""	    140.7998	    323.21	    0.0	    00000000     00000000	   1	[       ]
126   	0     	    111	              ""	    142.1260	   1326.20	    0.0	    00000000     00000000	   1	[      1]
127   	0     	    211	              ""	    143.4248	   1298.80	    0.0	    00000000     00000000	   1	[      3]
128   	0     	    201	              ""	    143.7119	    287.09	    0.0	    00000000     00000000	   1	[       ]
129   	0     	    121	              ""	    145.0576	   1345.70	    0.0	    00000000     00000000	   1	[      2]
130   	0     	    221	              ""	    146.2744	   1216.80	    0.0	    00000000     00000000	   1	[      4]
131   	0     	    201	              ""	    146.9600	    685.61	    0.0	    00000000     00000000	   1	[       ]
132   	0     	    121	              ""	    147.9902	   1030.20	    0.0	    00000000     00000000	   1	[      2]
133   	0     	    221	              ""	    149.2900	   1299.79	    0.0	    00000000     00000000	   1	[      4]
134   	0     	    201	              ""	    150.3672	   1077.21	    0.0	    00000000     00000000	   1	[       ]
135   	0     	    121	              ""	    151.0557	    688.49	    0.0	    00000000     00000000	   1	[      2]
136   	0     	    221	              ""	    152.2383	   1182.60	    0.0	    00000000     00000000	   1	[      4]
137   	0     	    201	              ""	    152.9355	    697.20	    0.0	    00000000     00000000	   1	[       ]
138   	0     	    121	              ""	    153.9209	    985.40	    0.0	    00000000     00000000	   1	[      2]
139   	0     	    221	              ""	    155.0371	   1116.20	    0.0	    00000000     00000000	   1	[      4]
140   	0     	    201	              ""	    155.7832	    746.11	    0.0	    00000000     00000000	   1	[       ]
141   	0     	    121	              ""	    156.7539	    970.70	    0.0	    00000000     00000000	   1	[      2]
142   	0     	    221	              ""	    158.0029	   1248.99	    0.0	    00000000     00000000	   1	[      4]
143   	0     	    201	              ""	    158.7520	    749.10	    0.0	    00000000     00000000	   1	[       ]
144   	0     	    121	              ""	    159.8027	   1050.70	    0.0	    00000000     00000000	   1	[      2]
145   	0     	    221	              ""	    161.0352	   1232.50	    0.0	    00000000     00000000	   1	[      4]
146   	0     	    201	              ""	    162.0312	    996.00	    0.0	    00000000     00000000	   1	[       ]
147   	0     	    111	              ""	    162.6514	    620.19	    0.0	    00000000     00000000	   1	[      1]
148   	0     	    211	              ""	    163.8516	   1200.20	    0.0	    00000000     00000000	   1	[      3]
149   	0     	    201	              ""	    164.5117	    660.11	    0.0	    00000000     00000000	   1	[       ]
150   	0     	    121	              ""	    165.6006	   1088.90	    0.0	    00000000     00000000	   1	[      2]
151   	0     	    221	              ""	    166.7334	   1132.80	    0.0	    00000000     00000000	   1	[      4]
152   	0     	    201	              ""	    167.3516	    618.19	    0.0	    00000000     00000000	   1	[       ]
153   	0     	    121	              ""	    168.4990	   1147.40	    0.0	    00000000     00000000	   1	[      2]
154   	0     	    221	              ""	    169.7822	   1283.20	    0.0	    00000000     00000000	   1	[      4]
155   	0     	    201	              ""	    170.5195	    737.30	    0.0	    00000000     00000000	   1	[       ]
156   	0     	    111	              ""	    171.5488	   1029.30	    0.0	    00000000     00000000	   1	[      1]
157   	0     	    211	              ""	    172.7646	   1215.81	    0.0	    00000000     00000000	   1	[      3]
158   	0     	    201	              ""	    173.0791	    314.50	    0.0	    00000000     00000000	   1	[       ]
159   	0     	    121	              ""	    174.5303	   1451.20	    0.0	    00000000     00000000	   1	[      2]
160   	0     	    221	              ""	    175.7471	   1216.80	    0.0	    00000000     00000000	   1	[      4]
161   	0     	    201	              ""	    176.3193	    572.20	    0.0	    00000000     00000000	   1	[       ]
162   	0     	    111	              ""	    177.3467	   1027.39	    0.0	    00000000     00000000	   1	[      1]
163   	0     	    211	              ""	    178.5791	   1232.41	    0.0	    00000000     00000000	   1	[      3]
164   	0     	    201	              ""	    179.3350	    755.91	    0.0	    00000000     00000000	   1	[       ]
165   	0     	    111	              ""	    180.3457	   1010.70	    0.0	    00000000     00000000	   1	[      1]
166   	0     	    211	              ""	    181.4619	   1116.20	    0.0	    00000000     00000000	   1	[      3]
167   	0     	    201	              ""	    182.0947	    632.80	    0.0	    00000000     00000000	   1	[       ]
168   	0     	    111	              ""	    183.1611	   1066.41	    0.0	    00000000     00000000	   1	[      1]
169   	0     	    211	              ""	    184.3438	   1182.69	    0.0	    00000000     00000000	   1	[      3]
170   	0     	    201	              ""	    184.5752	    231.40	    0.0	    00000000     00000000	   1	[       ]
171   	0     	    121	              ""	    185.9600	   1384.81	    0.0	    00000000     00000000	   1	[      2]
172   	0     	    221	              ""	    187.2432	   1283.19	    0.0	    00000000     00000000	   1	[      4]
173   	0     	    201	              ""	    187.8389	    595.70	    0.0	    00000000     00000000	   1	[       ]
174   	0     	    121	              ""	    188.8926	   1053.70	    0.0	    00000000     00000000	   1	[      2]
175   	0     	    221	              ""	    190.1416	   1249.01	    0.0	    00000000     00000000	   1	[      4]
176   	0     	    201	              ""	    190.8232	    681.59	    0.0	    00000000     00000000	   1	[       ]
177   	0     	    121	              ""	    191.8906	   1067.40	    0.0	    00000000     00000000	   1	[      2]
178   	0     	    221	              ""	    193.0742	   1183.61	    0.0	    00000000     00000000	   1	[      4]
179   	0     	    201	              ""	    193.6865	    612.29	    0.0	    00000000     00000000	   1	[       ]
180   	0     	    111	              ""	    194.6904	   1003.91	    0.0	    00000000     00000000	   1	[      1]
181   	0     	    211	              ""	    195.9395	   1249.10	    0.0	    00000000     00000000	   1	[      3]
182   	0     	    201	              ""	    196.2148	    275.30	    0.0	    00000000     00000000	   1	[       ]
183   	0     	    122	              ""	    202.3877	   6172.90	    0.0	    00000000     00000000	   1	[      2]
184   	0     	    222	              ""	    203.6865	   1298.80	    0.0	    00000000     00000000	   1	[       ]
185   	0     	    202	              ""	    203.9102	    223.71	    0.0	    00000000     00000000	   1	[       ]
186   	0     	    122	              ""	    205.4531	   1542.89	    0.0	    00000000     00000000	   1	[      2]
187   	0     	    222	              ""	    206.6855	   1232.41	    0.0	    00000000     00000000	   1	[      4]
188   	0     	    201	              ""	    207.7344	   1048.90	    0.0	    00000000     00000000	   1	[       ]
189   	0     	    122	              ""	    208.4688	    734.39	    0.0	    00000000     00000000	   1	[      2]
190   	0     	    222	              ""	    209.7012	   1232.41	    0.0	    00000000     00000000	   1	[      4]
191   	0     	    201	              ""	    210.5186	    817.40	    0.0	    00000000     00000000	   1	[       ]
192   	0     	    122	              ""	    211.3340	    815.40	    0.0	    00000000     00000000	   1	[      2]
193   	0     	    222	              ""	    212.4502	   1116.20	    0.0	    00000000     00000000	   1	[      4]
194   	0     	    201	              ""	    213.2627	    812.50	    0.0	    00000000     00000000	   1	[       ]
195   	0     	    112	              ""	    214.1328	    870.10	    0.0	    00000000     00000000	   1	[      1]
196   	0     	    212	              ""	    215.3662	   1233.40	    0.0	    00000000     00000000	   1	[      3]
197   	0     	    201	              ""	    215.6299	    263.70	    0.0	    00000000     00000000	   1	[       ]
198   	0     	    112	              ""	    217.0322	   1402.30	    0.0	    00000000     00000000	   1	[      1]
199   	0     	    212	              ""	    218.2988	   1266.60	    0.0	    00000000     00000000	   1	[      3]
200   	0     	    201	              ""	    218.9180	    619.20	    0.0	    00000000     00000000	   1	[       ]
201   	0     	    112	              ""	    220.0811	   1163.10	    0.0	    00000000     00000000	   1	[      1]
202   	0     	    212	              ""	    221.1973	   1116.20	    0.0	    00000000     00000000	   1	[      3]
203   	0     	    201	              ""	    221.7021	    504.81	    0.0	    00000000     00000000	   1	[       ]
204   	0     	    122	              ""	    222.8633	   1161.19	    0.0	    00000000     00000000	   1	[      2]
205   	0     	    222	              ""	    224.0459	   1182.60	    0.0	    00000000     00000000	   1	[      4]
206   	0     	    201	              ""	    224.6299	    584.00	    0.0	    00000000     00000000	   1	[       ]
207   	0     	    112	              ""	    225.6621	   1032.20	    0.0	    00000000     00000000	   1	[      1]
208   	0     	    212	              ""	    226.8789	   1216.81	    0.0	    00000000     00000000	   1	[      3]
209   	0     	    201	              ""	    227.3340	    455.09	    0.0	    00000000     00000000	   1	[       ]
210   	0     	    112	              ""	    228.5615	   1227.49	    0.0	    00000000     00000000	   1	[      1]
211   	0     	    212	              ""	    229.7441	   1182.60	    0.0	    00000000     00000000	   1	[      3]
212   	0     	    201	              ""	    230.0137	    269.61	    0.0	    00000000     00000000	   1	[       ]
213   	0     	    112	              ""	    231.4932	   1479.49	    0.0	    00000000     00000000	   1	[      1]
214   	0     	    212	              ""	    232.7100	   1216.81	    0.0	    00000000     00000000	   1	[      3]
215   	0     	    201	              ""	    233.3896	    679.60	    0.0	    00000000     00000000	   1	[       ]
216   	0     	    112	              ""	    234.3262	    936.60	    0.0	    00000000     00000000	   1	[      1]
217   	0     	    212	              ""	    235.5586	   1232.39	    0.0	    00000000     00000000	   1	[      3]
218   	0     	    201	              ""	    236.0381	    479.51	    0.0	    00000000     00000000	   1	[       ]
219   	0     	    112	              ""	    237.2920	   1253.91	    0.0	    00000000     00000000	   1	[      1]
220   	0     	    212	              ""	    238.4082	   1116.20	    0.0	    00000000     00000000	   1	[      3]
221   	0     	    201	              ""	    238.7178	    309.60	    0.0	    00000000     00000000	   1	[       ]
222   	0     	    112	              ""	    240.0742	   1356.40	    0.0	    00000000     00000000	   1	[      1]
223   	0     	    212	              ""	    241.3564	   1282.20	    0.0	    00000000     00000000	   1	[       ]
224   	0     	    201	              ""	    241.5420	    185.61	    0.0	    00000000     00000000	   1	[       ]
225   	0     	    122	              ""	    243.0732	   1531.19	    0.0	    00000000     00000000	   1	[      2]
226   	0     	    222	              ""	    244.2891	   1215.90	    0.0	    00000000     00000000	   1	[      4]
227   	0     	    201	              ""	    244.9014	    612.30	    0.0	    00000000     00000000	   1	[       ]
228   	0     	    112	              ""	    246.0547	   1153.31	    0.0	    00000000     00000000	   1	[      1]
229   	0     	    212	              ""	    247.2217	   1166.99	    0.0	    00000000     00000000	   1	[      3]
230   	0     	    201	              ""	    247.7500	    528.31	    0.0	    00000000     00000000	   1	[       ]
231   	0     	    122	              ""	    248.8545	   1104.51	    0.0	    00000000     00000000	   1	[      2]
232   	0     	    222	              ""	    250.0703	   1215.79	    0.0	    00000000     00000000	   1	[      4]
233   	0     	    201	              ""	    250.7100	    639.71	    0.0	    00000000     00000000	   1	[       ]
234   	0     	    112	              ""	    251.8359	   1125.90	    0.0	    00000000     00000000	   1	[      1]
235   	0     	    212	              ""	    253.0693	   1233.40	    0.0	    00000000     00000000	   1	[      3]
236   	0     	    201	              ""	    253.3330	    263.69	    0.0	    00000000     00000000	   1	[       ]
237   	0     	    112	              ""	    254.7354	   1402.40	    0.0	    00000000     00000000	   1	[      1]
238   	0     	    212	              ""	    255.8848	   1149.40	    0.0	    00000000     00000000	   1	[      3]
239   	0     	    201	              ""	    256.2051	    320.31	    0.0	    00000000     00000000	   1	[       ]
240   	0     	    122	              ""	    257.6006	   1395.48	    0.0	    00000000     00000000	   1	[      2]
241   	0     	    222	              ""	    258.8506	   1250.00	    0.0	    00000000     00000000	   1	[      4]
242   	0     	    201	              ""	    259.5254	    674.80	    0.0	    00000000     00000000	   1	[       ]
243   	0     	    112	              ""	    265.5645	   6039.12	    0.0	    00000000     00000000	   1	[      1]
244   	0     	    212	              ""	    266.7646	   1200.07	    0.0	    00000000     00000000	   1	[      3]
245   	0     	    201	              ""	    267.2852	    520.60	    0.0	    00000000     00000000	   1	[       ]
246   	0     	    122	              ""	    268.3809	   1095.70	    0.0	    00000000     00000000	   1	[      2]
247   	0     	    222	              ""	    269.6299	   1249.02	    0.0	    00000000     00000000	   1	[      4]
248   	0     	    201	              ""	    270.2695	    639.59	    0.0	    00000000     00000000	   1	[       ]
249   	0     	    122	              ""	    271.3291	   1059.60	    0.0	    00000000     00000000	   1	[      2]
250   	0     	    222	              ""	    272.5127	   1183.59	    0.0	    00000000     00000000	   1	[      4]
251   	0     	    201	              ""	    273.2373	    724.61	    0.0	    00000000     00000000	   1	[       ]
252   	0     	    112	              ""	    274.2783	   1040.99	    0.0	    00000000     00000000	   1	[      1]
253   	0     	    212	              ""	    275.4941	   1215.82	    0.0	    00000000     00000000	   1	[      3]
254   	0     	    201	              ""	    276.1328	    638.70	    0.0	    00000000     00000000	   1	[       ]
255   	0     	    122	              ""	    277.1436	   1010.77	    0.0	    00000000     00000000	   1	[      2]
256   	0     	    222	              ""	    278.3271	   1183.50	    0.0	    00000000     00000000	   1	[      4]
257   	0     	    201	              ""	    278.8926	    565.52	    0.0	    00000000     00000000	   1	[       ]
258   	0     	    112	              ""	    279.9766	   1083.98	    0.0	    00000000     00000000	   1	[      1]
259   	0     	    212	              ""	    281.2754	   1298.80	    0.0	    00000000     00000000	   1	[      3]
260   	0     	    201	              ""	    282.0850	    809.60	    0.0	    00000000     00000000	   1	[       ]
261   	0     	    112	              ""	    282.8916	    806.61	    0.0	    00000000     00000000	   1	[      1]
262   	0     	    212	              ""	    283.9912	   1099.61	    0.0	    00000000     00000000	   1	[      3]
263   	0     	    201	              ""	    284.8203	    829.10	    0.0	    00000000     00000000	   1	[       ]
264   	0     	    112	              ""	    285.6074	    787.08	    0.0	    00000000     00000000	   1	[      1]
265   	0     	    212	              ""	    286.7910	   1183.59	    0.0	    00000000     00000000	   1	[      3]
266   	0     	    201	              ""	    287.4043	    613.31	    0.0	    00000000     00000000	   1	[       ]
267   	0     	    112	              ""	    288.5400	   1135.71	    0.0	    00000000     00000000	   1	[      1]
268   	0     	    212	              ""	    289.6396	   1099.58	    0.0	    00000000     00000000	   1	[      3]
269   	0     	    201	              ""	    290.4131	    773.50	    0.0	    00000000     00000000	   1	[       ]
270   	0     	    122	              ""	    291.4385	   1025.42	    0.0	    00000000     00000000	   1	[      2]
271   	0     	    222	              ""	    292.7217	   1283.20	    0.0	    00000000     00000000	   1	[      4]
272   	0     	    201	              ""	    293.6123	    890.59	    0.0	    00000000     00000000	   1	[       ]
273   	0     	    122	              ""	    294.3379	    725.59	    0.0	    00000000     00000000	   1	[      2]
274   	0     	    222	              ""	    295.6377	   1299.80	    0.0	    00000000     00000000	   1	[      4]
275   	0     	    201	              ""	    296.3486	    710.91	    0.0	    00000000     00000000	   1	[       ]
276   	0     	    122	              ""	    297.3867	   1038.09	    0.0	    00000000     00000000	   1	[      2]
277   	0     	    222	              ""	    298.6533	   1266.60	    0.0	    00000000     00000000	   1	[      4]
278   	0     	    201	              ""	    299.2129	    559.60	    0.0	    00000000     00000000	   1	[       ]
279   	0     	    122	              ""	    300.3691	   1156.22	    0.0	    00000000     00000000	   1	[      2]
280   	0     	    222	              ""	    301.5518	   1182.68	    0.0	    00000000     00000000	   1	[      4]
281   	0     	    201	              ""	    302.2129	    661.10	    0.0	    00000000     00000000	   1	[       ]
282   	0     	    122	              ""	    303.3018	   1088.90	    0.0	    00000000     00000000	   1	[      2]
283   	0     	    222	              ""	    304.5010	   1199.22	    0.0	    00000000     00000000	   1	[      4]
284   	0     	    201	              ""	    305.0039	    502.90	    0.0	    00000000     00000000	   1	[       ]
285   	0     	    112	              ""	    306.1006	   1096.68	    0.0	    00000000     00000000	   1	[      1]
286   	0     	    212	              ""	    307.3496	   1249.02	    0.0	    00000000     00000000	   1	[      3]
287   	0     	    201	              ""	    307.6680	    318.39	    0.0	    00000000     00000000	   1	[       ]
288   	0     	    112	              ""	    309.1328	   1464.81	    0.0	    00000000     00000000	   1	[      1]
289   	0     	    212	              ""	    310.3486	   1215.79	    0.0	    00000000     00000000	   1	[      3]
290   	0     	    201	              ""	    310.8438	    495.21	    0.0	    00000000     00000000	   1	[       ]
291   	0     	    112	              ""	    311.9814	   1137.60	    0.0	    00000000     00000000	   1	[      1]
292   	0     	    212	              ""	    313.1641	   1182.68	    0.0	    00000000     00000000	   1	[      3]
293   	0     	    201	              ""	    313.5322	    368.10	    0.0	    00000000     00000000	   1	[       ]
294   	0     	    122	              ""	    314.8809	   1348.69	    0.0	    00000000     00000000	   1	[      2]
295   	0     	    222	              ""	    316.1299	   1249.02	    0.0	    00000000     00000000	   1	[      4]
296   	0     	    201	              ""	    316.6924	    562.50	    0.0	    00000000     00000000	   1	[       ]
297   	0     	    122	              ""	    317.8125	   1120.09	    0.0	    00000000     00000000	   1	[      2]
298   	0     	    222	              ""	    318.9287	   1116.21	    0.0	    00000000     00000000	   1	[      4]
299   	0     	    201	              ""	    319.6680	    739.29	    0.0	    00000000     00000000	   1	[       ]
300   	0     	    122	              ""	    320.5283	    860.29	    0.0	    00000000     00000000	   1	[      2]
301   	0     	    222	              ""	    321.7783	   1250.00	    0.0	    00000000     00000000	   1	[       ]
302   	0     	    202	              ""	    322.1885	    410.22	    0.0	    00000000     00000000	   1	[       ]
303   	0     	    112	              ""	    328.4922	   6303.68	    0.0	    00000000     00000000	   1	[      1]
304   	0     	    212	              ""	    329.7090	   1216.83	    0.0	    00000000     00000000	   1	[      3]
305   	0     	    201	              ""	    329.9395	    230.50	    0.0	    00000000     00000000	   1	[       ]
306   	0     	    122	              ""	    331.3418	   1402.28	    0.0	    00000000     00000000	   1	[      2]
307   	0     	    222	              ""	    332.4746	   1132.81	    0.0	    00000000     00000000	   1	[       ]
308   	0     	    202	              ""	    332.7080	    233.40	    0.0	    00000000     00000000	   1	[       ]
309   	0     	    122	              ""	    334.1904	   1482.39	    0.0	    00000000     00000000	   1	[      2]
310   	0     	    222	              ""	    335.4395	   1249.11	    0.0	    00000000     00000000	   1	[      4]
311   	0     	    201	              ""	    336.1953	    755.80	    0.0	    00000000     00000000	   1	[       ]
312   	0     	    112	              ""	    337.1729	    977.60	    0.0	    00000000     00000000	   1	[      1]
313   	0     	    212	              ""	    338.3555	   1182.59	    0.0	    00000000     00000000	   1	[      3]
314   	0     	    201	              ""	    338.6836	    328.09	    0.0	    00000000     00000000	   1	[       ]
315   	0     	    122	              ""	    340.1045	   1420.90	    0.0	    00000000     00000000	   1	[      2]
316   	0     	    222	              ""	    341.3877	   1283.20	    0.0	    00000000     00000000	   1	[      4]
317   	0     	    201	              ""	    342.0752	    687.50	    0.0	    00000000     00000000	   1	[       ]
318   	0     	    122	              ""	    343.1709	   1095.70	    0.0	    00000000     00000000	   1	[      2]
319   	0     	    222	              ""	    344.2871	   1116.21	    0.0	    00000000     00000000	   1	[      4]
320   	0     	    201	              ""	    344.9316	    644.50	    0.0	    00000000     00000000	   1	[       ]
321   	0     	    112	              ""	    346.0195	   1087.89	    0.0	    00000000     00000000	   1	[      1]
322   	0     	    212	              ""	    347.2852	   1265.69	    0.0	    00000000     00000000	   1	[      3]
323   	0     	    201	              ""	    347.6914	    406.22	    0.0	    00000000     00000000	   1	[       ]
324   	0     	    122	              ""	    348.9521	   1260.68	    0.0	    00000000     00000000	   1	[      2]
325   	0     	    222	              ""	    350.1348	   1182.71	    0.0	    00000000     00000000	   1	[      4]
326   	0     	    201	              ""	    350.6914	    556.61	    0.0	    00000000     00000000	   1	[       ]
327   	0     	    112	              ""	    351.9170	   1225.59	    0.0	    00000000     00000000	   1	[      1]
328   	0     	    212	              ""	    353.0332	   1116.21	    0.0	    00000000     00000000	   1	[      3]
329   	0     	    201	              ""	    353.4111	    377.90	    0.0	    00000000     00000000	   1	[       ]
330   	0     	    112	              ""	    354.6992	   1288.09	    0.0	    00000000     00000000	   1	[      1]
331   	0     	    212	              ""	    355.9160	   1216.80	    0.0	    00000000     00000000	   1	[      3]
332   	0     	    201	              ""	    356.1631	    247.10	    0.0	    00000000     00000000	   1	[       ]
333   	0     	    122	              ""	    357.5820	   1418.91	    0.0	    00000000     00000000	   1	[      2]
334   	0     	    222	              ""	    358.8486	   1266.60	    0.0	    00000000     00000000	   1	[      4]
335   	0     	    201	              ""	    359.6914	    842.80	    0.0	    00000000     00000000	   1	[       ]
336   	0     	    112	              ""	    360.6143	    922.88	    0.0	    00000000     00000000	   1	[      1]
337   	0     	    212	              ""	    361.7969	   1182.62	    0.0	    00000000     00000000	   1	[      3]
338   	0     	    201	              ""	    362.1387	    341.80	    0.0	    00000000     00000000	   1	[       ]
339   	0     	    112	              ""	    363.5137	   1375.00	    0.0	    00000000     00000000	   1	[      1]
340   	0     	    212	              ""	    364.6299	   1116.21	    0.0	    00000000     00000000	   1	[      3]
341   	0     	    201	              ""	    364.9229	    293.00	    0.0	    00000000     00000000	   1	[       ]
342   	0     	    112	              ""	    366.3125	   1389.59	    0.0	    00000000     00000000	   1	[      1]
343   	0     	    212	              ""	    367.4785	   1165.99	    0.0	    00000000     00000000	   1	[      3]
344   	0     	    201	              ""	    367.8105	    332.00	    0.0	    00000000     00000000	   1	[       ]
345   	0     	    122	              ""	    369.2441	   1433.62	    0.0	    00000000     00000000	   1	[      2]
346   	0     	    222	              ""	    370.4111	   1166.99	    0.0	    00000000     00000000	   1	[      4]
347   	0     	    201	              ""	    371.1152	    704.10	    0.0	    00000000     00000000	   1	[       ]
348   	0     	    122	              ""	    372.0439	    928.71	    0.0	    00000000     00000000	   1	[      2]
349   	0     	    222	              ""	    373.2100	   1166.08	    0.0	    00000000     00000000	   1	[      4]
350   	0     	    201	              ""	    373.7227	    512.70	    0.0	    00000000     00000000	   1	[       ]
351   	0     	    122	              ""	    374.9258	   1203.12	    0.0	    00000000     00000000	   1	[      2]
352   	0     	    222	              ""	    376.0752	   1149.38	    0.0	    00000000     00000000	   1	[      4]
353   	0     	    201	              ""	    376.6104	    535.22	    0.0	    00000000     00000000	   1	[       ]
354   	0     	    112	              ""	    377.7080	   1097.60	    0.0	    00000000     00000000	   1	[      1]
355   	0     	    212	              ""	    378.9912	   1283.20	    0.0	    00000000     00000000	   1	[      3]
356   	0     	    201	              ""	    379.2744	    283.20	    0.0	    00000000     00000000	   1	[       ]
357   	0     	    122	              ""	    380.7734	   1498.99	    0.0	    00000000     00000000	   1	[      2]
358   	0     	    222	              ""	    381.9902	   1216.80	    0.0	    00000000     00000000	   1	[      4]
359   	0     	    201	              ""	    382.5947	    604.49	    0.0	    00000000     00000000	   1	[       ]
360   	0     	    122	              ""	    383.7559	   1161.19	    0.0	    00000000     00000000	   1	[      2]
361   	0     	    222	              ""	    384.9551	   1199.22	    0.0	    00000000     00000000	   1	[      4]
362   	0     	    201	              ""	    385.6904	    735.29	    0.0	    00000000     00000000	   1	[       ]
363   	0     	    202	              ""	    387.9863	   2295.90	    0.0	    00000000     00000000	   1	[       ]
